1.99917 3.99667 1.99889 -0.000138664
1.99834 3.99334 1.99833 -0.000415288
1.99834 3.99334 1.99833 -0.000415288
1.99834 3.99334 1.99833 -0.000415288
1.99834 3.99334 1.99833 -0.000415288
1.99834 3.99334 1.99833 -0.000415288
1.99834 3.99334 1.99833 -0.000415288
1.97453 3.90154 -0.243906 0.555313
1.97453 3.90154 -0.243906 0.555313
1.97453 3.90154 -0.243906 0.555313
1.96272 3.85446 0.22399 0.433443
1.96272 3.85446 0.22399 0.433443
1.95085 3.80823 0.0134305 0.48396
1.95085 3.80823 0.0134305 0.48396
1.94492 3.78502 0.0896456 0.462793
1.94492 3.78502 0.0896456 0.462793
1.93898 3.76194 0.0895538 0.461171
1.93898 3.76194 0.0895538 0.461171
1.93303 3.73891 0.0894139 0.45955
1.93303 3.73891 0.0894139 0.45955
1.92708 3.71593 0.0892974 0.457912
1.92708 3.71593 0.0892974 0.457912
1.92113 3.69301 0.0891785 0.456262
1.92113 3.69301 0.0891785 0.456262
1.91517 3.67015 0.0890568 0.454603
1.91517 3.67015 0.0890568 0.454603
1.90921 3.64733 0.0889322 0.452932
1.90921 3.64733 0.0889322 0.452932
1.90324 3.62458 0.0888049 0.45125
1.90324 3.62458 0.0888049 0.45125
1.89727 3.60187 0.0886747 0.449557
1.89727 3.60187 0.0886747 0.449557
1.89129 3.57922 0.0885416 0.447853
1.89129 3.57922 0.0885416 0.447853
1.8883 3.5679 0.105704 0.442435
1.88232 3.54528 0.152948 0.428114
1.88232 3.54528 0.152948 0.428114
1.87633 3.52284 0.0902326 0.443
1.87633 3.52284 0.0902326 0.443
1.87034 3.50038 0.0878937 0.441841
1.86435 3.4779 0.161854 0.420213
1.86135 3.46675 0.135541 0.426346
1.85535 3.44442 0.147746 0.421201
1.85535 3.44442 0.147746 0.421201
1.84934 3.42222 0.0898825 0.434964
1.84333 3.39994 0.156079 0.415167
1.84333 3.39994 0.156079 0.415167
1.83731 3.37786 0.0905214 0.431091
1.83731 3.37786 0.0905214 0.431091
1.83129 3.35577 0.086749 0.430251
1.82527 3.33365 0.157846 0.408897
1.82527 3.33365 0.157846 0.408897
1.81924 3.31174 0.0907083 0.425388
1.81924 3.31174 0.0907083 0.425388
1.8132 3.28982 0.0861618 0.42473
1.80717 3.26788 0.155937 0.403505
1.80717 3.26788 0.155937 0.403505
1.80112 3.24614 0.0906729 0.419619
1.79508 3.22432 0.149285 0.40134
1.79508 3.22432 0.149285 0.40134
1.78903 3.20269 0.0901994 0.415827
1.78298 3.18099 0.148293 0.397554
1.78298 3.18099 0.148293 0.397554
1.77691 3.15947 0.0901289 0.411864
1.77085 3.13789 0.146842 0.393839
1.77085 3.13789 0.146842 0.393839
1.76478 3.11648 0.0900029 0.407857
1.75871 3.09501 0.145442 0.390053
1.75871 3.09501 0.145442 0.390053
1.75263 3.07373 0.0898632 0.403792
1.74655 3.05238 0.144049 0.386205
1.74655 3.05238 0.144049 0.386205
1.74046 3.03121 0.0897051 0.39967
1.73438 3.00997 0.142665 0.382296
1.73438 3.00997 0.142665 0.382296
1.72828 2.98892 0.0895288 0.395488
1.72218 2.96781 0.141288 0.378322
1.72218 2.96781 0.141288 0.378322
1.71608 2.94687 0.0893338 0.391247
1.70997 2.92588 0.139918 0.374283
1.70997 2.92588 0.139918 0.374283
1.70386 2.90506 0.0891197 0.386944
1.69775 2.88419 0.138554 0.370178
1.69775 2.88419 0.138554 0.370178
1.69162 2.86349 0.0888861 0.382578
1.6855 2.84274 0.137195 0.366006
1.6855 2.84274 0.137195 0.366006
1.67937 2.82216 0.0886325 0.378149
1.67324 2.80153 0.13584 0.361764
1.67324 2.80153 0.13584 0.361764
1.6671 2.78108 0.0883586 0.373654
1.66096 2.76057 0.134488 0.357453
1.66096 2.76057 0.134488 0.357453
1.65481 2.74023 0.0880639 0.369091
1.64866 2.71985 0.133138 0.353069
1.64866 2.71985 0.133138 0.353069
1.6425 2.69963 0.0877481 0.364461
1.63635 2.67937 0.131788 0.348613
1.63635 2.67937 0.131788 0.348613
1.63018 2.65928 0.0874106 0.35976
1.62401 2.63914 0.130439 0.344082
1.62401 2.63914 0.130439 0.344082
1.61784 2.61918 0.087051 0.354988
1.61167 2.59916 0.12909 0.339475
1.61167 2.59916 0.12909 0.339475
1.60548 2.57932 0.0866689 0.350142
1.5993 2.55943 0.127738 0.334791
1.5993 2.55943 0.127738 0.334791
1.59311 2.53972 0.0862638 0.345222
1.58692 2.51996 0.126384 0.330027
1.58692 2.51996 0.126384 0.330027
1.58072 2.50036 0.0858353 0.340225
1.57452 2.48073 0.125026 0.325182
1.57452 2.48073 0.125026 0.325182
1.56831 2.46126 0.0853828 0.335149
1.5621 2.44176 0.123663 0.320254
1.5621 2.44176 0.123663 0.320254
1.55588 2.42242 0.0849059 0.329992
1.54967 2.40304 0.122295 0.315241
1.54967 2.40304 0.122295 0.315241
1.54344 2.38383 0.0844042 0.324754
1.53722 2.36458 0.120921 0.310142
1.53722 2.36458 0.120921 0.310142
1.53098 2.3455 0.0838769 0.319431
1.52475 2.32638 0.119539 0.304955
1.52475 2.32638 0.119539 0.304955
1.51851 2.30743 0.0833237 0.314022
1.51226 2.28844 0.118149 0.299676
1.51226 2.28844 0.118149 0.299676
1.50601 2.26962 0.082744 0.308524
1.49976 2.25076 0.116749 0.294305
1.49976 2.25076 0.116749 0.294305
1.4935 2.23207 0.0821373 0.302935
1.48725 2.21334 0.11534 0.28884
1.48725 2.21334 0.11534 0.28884
1.48098 2.19478 0.0815028 0.297253
1.47471 2.17619 0.113918 0.283277
1.47471 2.17619 0.113918 0.283277
1.46843 2.15776 0.0808401 0.291476
1.46216 2.1393 0.112485 0.277615
1.46216 2.1393 0.112485 0.277615
1.45587 2.121 0.0801486 0.285602
1.44959 2.10267 0.111039 0.271851
1.44959 2.10267 0.111039 0.271851
1.4433 2.08451 0.0794276 0.279627
1.43701 2.06632 0.109578 0.265982
1.43701 2.06632 0.109578 0.265982
1.43071 2.04829 0.0786764 0.273549
1.42441 2.03023 0.108102 0.260007
1.42441 2.03023 0.108102 0.260007
1.4181 2.01234 0.0778943 0.267365
1.41179 1.99442 0.106609 0.253922
1.41179 1.99442 0.106609 0.253922
1.40547 1.97666 0.0770808 0.261074
1.39916 1.95888 0.105099 0.247725
1.39916 1.95888 0.105099 0.247725
1.39283 1.94125 0.0762349 0.254671
1.38651 1.92361 0.103571 0.241413
1.38651 1.92361 0.103571 0.241413
1.38017 1.90612 0.0753561 0.248154
1.37384 1.88861 0.102023 0.234983
1.37384 1.88861 0.102023 0.234983
1.3675 1.87126 0.0744435 0.241519
1.36116 1.85389 0.100455 0.228431
1.36116 1.85389 0.100455 0.228431
1.35481 1.83668 0.0734963 0.234764
1.34846 1.81945 0.0988648 0.221755
1.34846 1.81945 0.0988648 0.221755
1.3421 1.80238 0.0725136 0.227886
1.33575 1.78529 0.0972518 0.214951
1.33575 1.78529 0.0972518 0.214951
1.32938 1.76836 0.0714947 0.22088
1.32302 1.75141 0.0956147 0.208016
1.32302 1.75141 0.0956147 0.208016
1.31664 1.73462 0.0704386 0.213743
1.31027 1.71781 0.0939524 0.200946
1.31027 1.71781 0.0939524 0.200946
1.30389 1.70116 0.0693443 0.206472
1.29751 1.6845 0.0922635 0.193738
1.29751 1.6845 0.0922635 0.193738
1.29112 1.66799 0.068211 0.199063
1.28473 1.65147 0.090547 0.186387
1.28473 1.65147 0.090547 0.186387
1.27833 1.6351 0.0670375 0.191511
1.27194 1.61872 0.0888014 0.17889
1.27194 1.61872 0.0888014 0.17889
1.26553 1.60249 0.0658229 0.183814
1.25913 1.58626 0.0870254 0.171243
1.25913 1.58626 0.0870254 0.171243
1.25272 1.57018 0.0645661 0.175965
1.24631 1.55409 0.0852177 0.16344
1.24631 1.55409 0.0852177 0.16344
1.23989 1.53816 0.0632659 0.167961
1.23347 1.52222 0.083377 0.155479
1.23347 1.52222 0.083377 0.155479
1.22704 1.50642 0.0619212 0.159798
1.22061 1.49063 0.0815017 0.147353
1.22061 1.49063 0.0815017 0.147353
1.21418 1.47498 0.0605307 0.15147
1.20774 1.45934 0.0795903 0.139058
1.20774 1.45934 0.0795903 0.139058
1.2013 1.44383 0.0590931 0.142972
1.19486 1.42834 0.0776414 0.13059
1.19486 1.42834 0.0776414 0.13059
1.18841 1.41298 0.0576073 0.1343
1.18196 1.39763 0.0756534 0.121942
1.18196 1.39763 0.0756534 0.121942
1.1755 1.38243 0.0560716 0.125447
1.16904 1.36722 0.0736247 0.113109
1.16904 1.36722 0.0736247 0.113109
1.16258 1.35217 0.0544848 0.116409
1.15611 1.33712 0.0715535 0.104086
1.15611 1.33712 0.0715535 0.104086
1.14964 1.32221 0.0528453 0.107179
1.14317 1.30731 0.0694381 0.0948665
1.14317 1.30731 0.0694381 0.0948665
1.13669 1.29255 0.0511516 0.0977508
1.13021 1.2778 0.0672768 0.0854442
1.13021 1.2778 0.0672768 0.0854442
1.12372 1.26319 0.0494019 0.0881184
1.11723 1.24859 0.0650677 0.0758127
1.11723 1.24859 0.0650677 0.0758127
1.11074 1.23414 0.0475947 0.078275
1.10425 1.21969 0.0628089 0.0659653
1.101 1.21252 0.057865 0.0654535
1.09775 1.20539 0.0448475 0.0686147
1.09124 1.19112 0.0467002 0.0622157
1.09124 1.19112 0.0467002 0.0622157
1.08474 1.17696 0.0360971 0.0614772
1.08474 1.17696 0.0360971 0.0614772
1.08148 1.16991 0.0266872 0.0630026
1.07822 1.16287 0.0260027 0.0604909
1.07171 1.14879 0.0468926 0.0450366
1.07171 1.14879 0.0468926 0.0450366
1.06519 1.13485 0.0387444 0.043018
1.06519 1.13485 0.0387444 0.043018
1.06193 1.12793 0.0256779 0.0462314
1.05867 1.12101 0.0216194 0.0452102
1.05215 1.10717 0.0391504 0.0309604
1.04889 1.1003 0.0422148 0.026485
1.04725 1.09692 0.0186646 0.0362096
1.04399 1.09007 0.0230088 0.0311156
1.04399 1.09007 0.0230088 0.0311156
1.04072 1.08327 0.0108914 0.0338961
1.04072 1.08327 0.0108914 0.0338961
1.03746 1.07647 0.00972811 0.0314149
1.03746 1.07647 0.00972811 0.0314149
1.03419 1.06969 0.00858297 0.0289085
1.03419 1.06969 0.00858297 0.0289085
1.03092 1.06293 0.00743082 0.0263887
1.03092 1.06293 0.00743082 0.0263887
1.02765 1.05619 0.00627209 0.0238554
1.02765 1.05619 0.00627209 0.0238554
1.02438 1.04946 0.00510672 0.0213083
1.02438 1.04946 0.00510672 0.0213083
1.02111 1.04276 0.00393466 0.0187473
1.02111 1.04276 0.00393466 0.0187473
1.01784 1.03608 0.00275585 0.0161724
1.01784 1.03608 0.00275585 0.0161724
1.01457 1.02941 0.00157026 0.0135834
1.01457 1.02941 0.00157026 0.0135834
1.01129 1.02277 0.000377812 0.0109802
1.01129 1.02277 0.000377812 0.0109802
1.00802 1.01614 -0.000821538 0.00836269
1.00802 1.01614 -0.000821538 0.00836269
1.00474 1.00954 -0.00202785 0.00573074
1.00474 1.00954 -0.00202785 0.00573074
1.00147 1.00295 -0.00112285 0.00202684
1.00147 1.00295 -0.00112285 0.00202684
1.00006 1.00012 8.20147e-05 1.91361e-05
1 1.00001 3.98815e-05 -1.70095e-05
1 1 1.9798e-06 -9.57542e-08
0.999999 0.999999 -1.30372e-06 4.7381e-08


Number of iterations: 274
Rosenbrock minimum: (1,1).
Analytic result: (1,1)
rmax: 8, E=-0.74989


0 0 0
0.01 0.00990008 0.0099005
0.02 0.0196007 0.019604
0.03 0.0291023 0.0291134
0.04 0.0384056 0.0384316
0.05 0.0475111 0.0475615
0.06 0.0564194 0.0565059
0.07 0.0651312 0.0652676
0.08 0.0736472 0.0738493
0.09 0.081968 0.0822538
0.1 0.0900943 0.0904837
0.11 0.0980269 0.0985418
0.12 0.105767 0.10643
0.13 0.113314 0.114152
0.14 0.12067 0.12171
0.15 0.127836 0.129106
0.16 0.134812 0.136343
0.17 0.1416 0.143423
0.18 0.148199 0.150349
0.19 0.154612 0.157122
0.2 0.160839 0.163746
0.21 0.166881 0.170223
0.22 0.172739 0.176554
0.23 0.178413 0.182743
0.24 0.183906 0.188791
0.25 0.189219 0.1947
0.26 0.194351 0.200473
0.27 0.199305 0.206112
0.28 0.204081 0.211619
0.29 0.208681 0.216996
0.3 0.213106 0.222245
0.31 0.217356 0.227369
0.32 0.221434 0.232368
0.33 0.22534 0.237245
0.34 0.229076 0.242002
0.35 0.232643 0.246641
0.36 0.236042 0.251163
0.37 0.239274 0.255572
0.38 0.242341 0.259867
0.39 0.245245 0.264052
0.4 0.247985 0.268128
0.41 0.250565 0.272097
0.42 0.252985 0.27596
0.43 0.255246 0.279719
0.44 0.25735 0.283376
0.45 0.259299 0.286933
0.46 0.261093 0.29039
0.47 0.262735 0.293751
0.48 0.264226 0.297016
0.49 0.265567 0.300187
0.5 0.26676 0.303265
0.51 0.267806 0.306253
0.52 0.268707 0.309151
0.53 0.269464 0.311961
0.54 0.270079 0.314684
0.55 0.270554 0.317322
0.56 0.27089 0.319877
0.57 0.271088 0.32235
0.58 0.27115 0.324741
0.59 0.271079 0.327053
0.6 0.270874 0.329287
0.61 0.270539 0.331444
0.62 0.270075 0.333526
0.63 0.269483 0.335533
0.64 0.268765 0.337467
0.65 0.267923 0.33933
0.66 0.266958 0.341122
0.67 0.265872 0.342845
0.68 0.264667 0.3445
0.69 0.263344 0.346087
0.7 0.261906 0.34761
0.71 0.260353 0.349067
0.72 0.258688 0.350462
0.73 0.256913 0.351794
0.74 0.255028 0.353064
0.75 0.253036 0.354275
0.76 0.250939 0.355426
0.77 0.248738 0.35652
0.78 0.246436 0.357557
0.79 0.244033 0.358537
0.8 0.241532 0.359463
0.81 0.238934 0.360335
0.82 0.236241 0.361154
0.83 0.233455 0.361921
0.84 0.230579 0.362637
0.85 0.227612 0.363303
0.86 0.224558 0.363919
0.87 0.221418 0.364488
0.88 0.218194 0.365009
0.89 0.214887 0.365484
0.9 0.2115 0.365913
0.91 0.208034 0.366297
0.92 0.204492 0.366638
0.93 0.200874 0.366935
0.94 0.197183 0.36719
0.95 0.19342 0.367404
0.96 0.189588 0.367577
0.97 0.185688 0.367711
0.98 0.181721 0.367805
0.99 0.177691 0.367861
1 0.173597 0.367879
1.01 0.169443 0.367861
1.02 0.16523 0.367807
1.03 0.16096 0.367717
1.04 0.156634 0.367593
1.05 0.152255 0.367435
1.06 0.147824 0.367243
1.07 0.143343 0.367019
1.08 0.138814 0.366763
1.09 0.134238 0.366476
1.1 0.129617 0.366158
1.11 0.124953 0.36581
1.12 0.120248 0.365433
1.13 0.115504 0.365028
1.14 0.110722 0.364594
1.15 0.105903 0.364132
1.16 0.101051 0.363644
1.17 0.0961658 0.363129
1.18 0.0912498 0.362589
1.19 0.0863046 0.362023
1.2 0.081332 0.361433
1.21 0.0763337 0.360819
1.22 0.0713113 0.360181
1.23 0.0662665 0.35952
1.24 0.0612009 0.358836
1.25 0.0561164 0.358131
1.26 0.0510144 0.357404
1.27 0.0458967 0.356656
1.28 0.0407648 0.355888
1.29 0.0356205 0.355099
1.3 0.0304654 0.354291
1.31 0.0253009 0.353464
1.32 0.0201288 0.352619
1.33 0.0149507 0.351755
1.34 0.00976803 0.350873
1.35 0.00458245 0.349974
1.36 -0.000604502 0.349059
1.37 -0.00579127 0.348127
1.38 -0.0109763 0.347178
1.39 -0.0161581 0.346215
1.4 -0.0213352 0.345236
1.41 -0.026506 0.344242
1.42 -0.0316691 0.343234
1.43 -0.036823 0.342212
1.44 -0.0419662 0.341176
1.45 -0.0470973 0.340127
1.46 -0.0522149 0.339065
1.47 -0.0573174 0.33799
1.48 -0.0624035 0.336904
1.49 -0.0674719 0.335805
1.5 -0.0725211 0.334695
1.51 -0.0775497 0.333574
1.52 -0.0825565 0.332442
1.53 -0.08754 0.3313
1.54 -0.0924989 0.330147
1.55 -0.097432 0.328984
1.56 -0.102338 0.327812
1.57 -0.107215 0.326631
1.58 -0.112063 0.325441
1.59 -0.11688 0.324242
1.6 -0.121664 0.323034
1.61 -0.126415 0.321819
1.62 -0.131131 0.320596
1.63 -0.135812 0.319365
1.64 -0.140455 0.318127
1.65 -0.14506 0.316882
1.66 -0.149626 0.315631
1.67 -0.154152 0.314373
1.68 -0.158636 0.313108
1.69 -0.163077 0.311838
1.7 -0.167474 0.310562
1.71 -0.171827 0.309281
1.72 -0.176134 0.307994
1.73 -0.180393 0.306702
1.74 -0.184605 0.305405
1.75 -0.188768 0.304104
1.76 -0.192882 0.302799
1.77 -0.196944 0.301489
1.78 -0.200954 0.300176
1.79 -0.204912 0.298859
1.8 -0.208816 0.297538
1.81 -0.212666 0.296214
1.82 -0.21646 0.294887
1.83 -0.220198 0.293557
1.84 -0.223879 0.292224
1.85 -0.227502 0.290889
1.86 -0.231067 0.289551
1.87 -0.234571 0.288211
1.88 -0.238016 0.286869
1.89 -0.2414 0.285526
1.9 -0.244721 0.28418
1.91 -0.247981 0.282834
1.92 -0.251177 0.281485
1.93 -0.254309 0.280136
1.94 -0.257377 0.278786
1.95 -0.26038 0.277434
1.96 -0.263317 0.276083
1.97 -0.266187 0.27473
1.98 -0.268991 0.273377
1.99 -0.271727 0.272024
2 -0.274395 0.270671
2.01 -0.276995 0.269317
2.02 -0.279525 0.267964
2.03 -0.281986 0.266611
2.04 -0.284376 0.265259
2.05 -0.286697 0.263907
2.06 -0.288946 0.262555
2.07 -0.291124 0.261205
2.08 -0.29323 0.259855
2.09 -0.295264 0.258506
2.1 -0.297225 0.257158
2.11 -0.299113 0.255812
2.12 -0.300929 0.254467
2.13 -0.30267 0.253123
2.14 -0.304338 0.251781
2.15 -0.305932 0.250441
2.16 -0.307451 0.249102
2.17 -0.308896 0.247765
2.18 -0.310266 0.246431
2.19 -0.311562 0.245098
2.2 -0.312782 0.243767
2.21 -0.313926 0.242438
2.22 -0.314995 0.241112
2.23 -0.315989 0.239788
2.24 -0.316906 0.238467
2.25 -0.317748 0.237148
2.26 -0.318514 0.235832
2.27 -0.319204 0.234519
2.28 -0.319818 0.233208
2.29 -0.320357 0.2319
2.3 -0.320819 0.230595
2.31 -0.321205 0.229293
2.32 -0.321515 0.227995
2.33 -0.321749 0.226699
2.34 -0.321907 0.225407
2.35 -0.321989 0.224118
2.36 -0.321996 0.222832
2.37 -0.321927 0.221549
2.38 -0.321783 0.22027
2.39 -0.321564 0.218995
2.4 -0.321269 0.217723
2.41 -0.320899 0.216455
2.42 -0.320455 0.21519
2.43 -0.319936 0.21393
2.44 -0.319342 0.212672
2.45 -0.318675 0.211419
2.46 -0.317934 0.21017
2.47 -0.317119 0.208925
2.48 -0.316231 0.207683
2.49 -0.31527 0.206446
2.5 -0.314237 0.205212
2.51 -0.313131 0.203983
2.52 -0.311954 0.202758
2.53 -0.310705 0.201537
2.54 -0.309384 0.200321
2.55 -0.307993 0.199108
2.56 -0.306532 0.1979
2.57 -0.305 0.196696
2.58 -0.303399 0.195497
2.59 -0.30173 0.194302
2.6 -0.299991 0.193111
2.61 -0.298185 0.191925
2.62 -0.296311 0.190744
2.63 -0.294369 0.189566
2.64 -0.292362 0.188394
2.65 -0.290288 0.187226
2.66 -0.288149 0.186062
2.67 -0.285945 0.184903
2.68 -0.283677 0.183749
2.69 -0.281345 0.1826
2.7 -0.27895 0.181455
2.71 -0.276492 0.180315
2.72 -0.273973 0.179179
2.73 -0.271392 0.178049
2.74 -0.268751 0.176923
2.75 -0.26605 0.175802
2.76 -0.263289 0.174685
2.77 -0.26047 0.173574
2.78 -0.257593 0.172467
2.79 -0.254659 0.171365
2.8 -0.251669 0.170268
2.81 -0.248622 0.169176
2.82 -0.245521 0.168089
2.83 -0.242366 0.167006
2.84 -0.239157 0.165929
2.85 -0.235895 0.164856
2.86 -0.232582 0.163789
2.87 -0.229217 0.162726
2.88 -0.225802 0.161668
2.89 -0.222337 0.160615
2.9 -0.218824 0.159567
2.91 -0.215263 0.158524
2.92 -0.211654 0.157486
2.93 -0.208 0.156453
2.94 -0.2043 0.155425
2.95 -0.200555 0.154402
2.96 -0.196767 0.153384
2.97 -0.192936 0.152371
2.98 -0.189063 0.151363
2.99 -0.185149 0.150359
3 -0.181195 0.149361
3.01 -0.177202 0.148368
3.02 -0.17317 0.14738
3.03 -0.169101 0.146396
3.04 -0.164995 0.145418
3.05 -0.160854 0.144445
3.06 -0.156678 0.143476
3.07 -0.152468 0.142513
3.08 -0.148226 0.141555
3.09 -0.143952 0.140601
3.1 -0.139646 0.139653
3.11 -0.135311 0.138709
3.12 -0.130947 0.13777
3.13 -0.126555 0.136837
3.14 -0.122135 0.135908
3.15 -0.11769 0.134984
3.16 -0.11322 0.134065
3.17 -0.108725 0.133151
3.18 -0.104207 0.132242
3.19 -0.0996671 0.131338
3.2 -0.0951059 0.130439
3.21 -0.0905245 0.129545
3.22 -0.0859239 0.128655
3.23 -0.0813051 0.127771
3.24 -0.076669 0.126891
3.25 -0.0720167 0.126016
3.26 -0.0673492 0.125146
3.27 -0.0626674 0.124281
3.28 -0.0579724 0.123421
3.29 -0.0532651 0.122565
3.3 -0.0485467 0.121714
3.31 -0.043818 0.120869
3.32 -0.0390801 0.120027
3.33 -0.034334 0.119191
3.34 -0.0295806 0.118359
3.35 -0.0248211 0.117533
3.36 -0.0200564 0.11671
3.37 -0.0152874 0.115893
3.38 -0.0105153 0.11508
3.39 -0.00574093 0.114272
3.4 -0.00096539 0.113469
3.41 0.00381035 0.11267
3.42 0.0085853 0.111877
3.43 0.0133585 0.111087
3.44 0.0181288 0.110303
3.45 0.0228954 0.109522
3.46 0.0276573 0.108747
3.47 0.0324134 0.107976
3.48 0.0371628 0.10721
3.49 0.0419044 0.106448
3.5 0.0466374 0.105691
3.51 0.0513607 0.104938
3.52 0.0560734 0.10419
3.53 0.0607745 0.103446
3.54 0.065463 0.102707
3.55 0.0701381 0.101972
3.56 0.0747986 0.101242
3.57 0.0794437 0.100516
3.58 0.0840725 0.099795
3.59 0.088684 0.099078
3.6 0.0932772 0.0983654
3.61 0.0978512 0.0976572
3.62 0.102405 0.0969533
3.63 0.106938 0.0962537
3.64 0.111449 0.0955585
3.65 0.115937 0.0948676
3.66 0.120402 0.094181
3.67 0.124842 0.0934986
3.68 0.129256 0.0928205
3.69 0.133644 0.0921467
3.7 0.138004 0.091477
3.71 0.142337 0.0908116
3.72 0.14664 0.0901504
3.73 0.150914 0.0894933
3.74 0.155156 0.0888403
3.75 0.159368 0.0881915
3.76 0.163546 0.0875469
3.77 0.167692 0.0869063
3.78 0.171804 0.0862698
3.79 0.17588 0.0856373
3.8 0.179921 0.0850089
3.81 0.183926 0.0843846
3.82 0.187893 0.0837642
3.83 0.191823 0.0831478
3.84 0.195713 0.0825354
3.85 0.199564 0.081927
3.86 0.203375 0.0813225
3.87 0.207144 0.0807219
3.88 0.210872 0.0801252
3.89 0.214558 0.0795324
3.9 0.2182 0.0789435
3.91 0.221798 0.0783584
3.92 0.225352 0.0777771
3.93 0.22886 0.0771996
3.94 0.232323 0.076626
3.95 0.235738 0.0760561
3.96 0.239107 0.0754899
3.97 0.242427 0.0749275
3.98 0.245699 0.0743688
3.99 0.248922 0.0738139
4 0.252095 0.0732626
4.01 0.255218 0.0727149
4.02 0.258289 0.0721709
4.03 0.261309 0.0716305
4.04 0.264277 0.0710938
4.05 0.267192 0.0705606
4.06 0.270054 0.070031
4.07 0.272862 0.069505
4.08 0.275616 0.0689825
4.09 0.278314 0.0684635
4.1 0.280958 0.067948
4.11 0.283546 0.067436
4.12 0.286077 0.0669274
4.13 0.288551 0.0664223
4.14 0.290969 0.0659206
4.15 0.293328 0.0654223
4.16 0.29563 0.0649274
4.17 0.297873 0.0644359
4.18 0.300057 0.0639478
4.19 0.302181 0.0634629
4.2 0.304246 0.0629814
4.21 0.306251 0.0625032
4.22 0.308195 0.0620283
4.23 0.310079 0.0615566
4.24 0.311901 0.0610882
4.25 0.313662 0.060623
4.26 0.315361 0.060161
4.27 0.316997 0.0597022
4.28 0.318572 0.0592466
4.29 0.320084 0.0587941
4.3 0.321533 0.0583448
4.31 0.322918 0.0578986
4.32 0.324241 0.0574555
4.33 0.325499 0.0570155
4.34 0.326694 0.0565785
4.35 0.327825 0.0561446
4.36 0.328891 0.0557138
4.37 0.329894 0.0552859
4.38 0.330831 0.0548611
4.39 0.331704 0.0544392
4.4 0.332512 0.0540203
4.41 0.333255 0.0536043
4.42 0.333933 0.0531913
4.43 0.334545 0.0527812
4.44 0.335093 0.052374
4.45 0.335575 0.0519696
4.46 0.335992 0.0515681
4.47 0.336343 0.0511695
4.48 0.336628 0.0507737
4.49 0.336849 0.0503807
4.5 0.337003 0.0499905
4.51 0.337092 0.0496031
4.52 0.337116 0.0492184
4.53 0.337074 0.0488365
4.54 0.336967 0.0484573
4.55 0.336794 0.0480808
4.56 0.336556 0.047707
4.57 0.336253 0.0473359
4.58 0.335885 0.0469674
4.59 0.335451 0.0466016
4.6 0.334953 0.0462384
4.61 0.33439 0.0458779
4.62 0.333762 0.0455199
4.63 0.33307 0.0451645
4.64 0.332313 0.0448117
4.65 0.331493 0.0444614
4.66 0.330608 0.0441137
4.67 0.329659 0.0437685
4.68 0.328647 0.0434258
4.69 0.327572 0.0430856
4.7 0.326433 0.0427478
4.71 0.325232 0.0424125
4.72 0.323968 0.0420796
4.73 0.322642 0.0417492
4.74 0.321253 0.0414212
4.75 0.319803 0.0410956
4.76 0.318292 0.0407723
4.77 0.316719 0.0404514
4.78 0.315086 0.0401329
4.79 0.313392 0.0398167
4.8 0.311638 0.0395028
4.81 0.309825 0.0391912
4.82 0.307952 0.0388819
4.83 0.30602 0.0385749
4.84 0.30403 0.0382701
4.85 0.301981 0.0379676
4.86 0.299874 0.0376674
4.87 0.297711 0.0373693
4.88 0.29549 0.0370734
4.89 0.293213 0.0367798
4.9 0.29088 0.0364883
4.91 0.288492 0.0361989
4.92 0.286048 0.0359117
4.93 0.28355 0.0356267
4.94 0.280998 0.0353437
4.95 0.278393 0.0350629
4.96 0.275734 0.0347841
4.97 0.273023 0.0345074
4.98 0.27026 0.0342328
4.99 0.267446 0.0339603
5 0.264581 0.0336897
5.01 0.261665 0.0334212
5.02 0.2587 0.0331547
5.03 0.255686 0.0328902
5.04 0.252623 0.0326277
5.05 0.249513 0.0323671
5.06 0.246355 0.0321085
5.07 0.24315 0.0318519
5.08 0.239899 0.0315971
5.09 0.236603 0.0313443
5.1 0.233262 0.0310934
5.11 0.229877 0.0308444
5.12 0.226449 0.0305972
5.13 0.222977 0.030352
5.14 0.219464 0.0301085
5.15 0.215909 0.0298669
5.16 0.212313 0.0296272
5.17 0.208678 0.0293892
5.18 0.205003 0.0291531
5.19 0.201289 0.0289187
5.2 0.197537 0.0286861
5.21 0.193748 0.0284553
5.22 0.189923 0.0282263
5.23 0.186062 0.0279989
5.24 0.182165 0.0277733
5.25 0.178235 0.0275495
5.26 0.174271 0.0273273
5.27 0.170274 0.0271068
5.28 0.166245 0.026888
5.29 0.162185 0.0266709
5.3 0.158095 0.0264554
5.31 0.153975 0.0262416
5.32 0.149826 0.0260294
5.33 0.145649 0.0258189
5.34 0.141444 0.0256099
5.35 0.137213 0.0254026
5.36 0.132957 0.0251969
5.37 0.128675 0.0249927
5.38 0.124369 0.0247901
5.39 0.12004 0.024589
5.4 0.115689 0.0243895
5.41 0.111316 0.0241916
5.42 0.106922 0.0239951
5.43 0.102508 0.0238002
5.44 0.0980754 0.0236068
5.45 0.0936242 0.0234149
5.46 0.0891554 0.0232244
5.47 0.08467 0.0230354
5.48 0.0801688 0.0228479
5.49 0.0756527 0.0226619
5.5 0.0711225 0.0224772
5.51 0.066579 0.0222941
5.52 0.0620231 0.0221123
5.53 0.0574557 0.0219319
5.54 0.0528775 0.021753
5.55 0.0482896 0.0215754
5.56 0.0436926 0.0213992
5.57 0.0390876 0.0212244
5.58 0.0344752 0.0210509
5.59 0.0298565 0.0208788
5.6 0.0252322 0.020708
5.61 0.0206032 0.0205386
5.62 0.0159704 0.0203705
5.63 0.0113346 0.0202037
5.64 0.00669674 0.0200382
5.65 0.00205762 0.019874
5.66 -0.00258188 0.019711
5.67 -0.0072209 0.0195494
5.68 -0.0118586 0.019389
5.69 -0.0164941 0.0192299
5.7 -0.0211265 0.019072
5.71 -0.025755 0.0189154
5.72 -0.0303788 0.0187599
5.73 -0.0349969 0.0186058
5.74 -0.0396086 0.0184528
5.75 -0.0442129 0.018301
5.76 -0.0488091 0.0181504
5.77 -0.0533963 0.018001
5.78 -0.0579736 0.0178528
5.79 -0.0625402 0.0177057
5.8 -0.0670953 0.0175598
5.81 -0.0716379 0.0174151
5.82 -0.0761674 0.0172715
5.83 -0.0806829 0.017129
5.84 -0.0851834 0.0169876
5.85 -0.0896683 0.0168474
5.86 -0.0941367 0.0167083
5.87 -0.0985877 0.0165703
5.88 -0.103021 0.0164333
5.89 -0.107435 0.0162975
5.9 -0.111829 0.0161627
5.91 -0.116202 0.016029
5.92 -0.120555 0.0158964
5.93 -0.124885 0.0157648
5.94 -0.129192 0.0156343
5.95 -0.133475 0.0155048
5.96 -0.137734 0.0153763
5.97 -0.141968 0.0152488
5.98 -0.146176 0.0151224
5.99 -0.150356 0.0149969
6 -0.15451 0.0148725
6.01 -0.158634 0.0147491
6.02 -0.16273 0.0146266
6.03 -0.166796 0.0145051
6.04 -0.170832 0.0143846
6.05 -0.174836 0.0142651
6.06 -0.178808 0.0141465
6.07 -0.182748 0.0140288
6.08 -0.186654 0.0139121
6.09 -0.190526 0.0137963
6.1 -0.194363 0.0136815
6.11 -0.198164 0.0135676
6.12 -0.20193 0.0134546
6.13 -0.205658 0.0133424
6.14 -0.209349 0.0132312
6.15 -0.213002 0.0131209
6.16 -0.216616 0.0130115
6.17 -0.22019 0.0129029
6.18 -0.223724 0.0127952
6.19 -0.227217 0.0126884
6.2 -0.230669 0.0125825
6.21 -0.234079 0.0124774
6.22 -0.237446 0.0123731
6.23 -0.24077 0.0122697
6.24 -0.244051 0.0121671
6.25 -0.247286 0.0120653
6.26 -0.250477 0.0119644
6.27 -0.253622 0.0118643
6.28 -0.256721 0.011765
6.29 -0.259774 0.0116664
6.3 -0.262779 0.0115687
6.31 -0.265736 0.0114718
6.32 -0.268645 0.0113756
6.33 -0.271506 0.0112803
6.34 -0.274317 0.0111857
6.35 -0.277078 0.0110918
6.36 -0.279789 0.0109988
6.37 -0.282449 0.0109065
6.38 -0.285058 0.0108149
6.39 -0.287616 0.0107241
6.4 -0.290121 0.010634
6.41 -0.292573 0.0105446
6.42 -0.294973 0.010456
6.43 -0.297319 0.0103681
6.44 -0.299611 0.0102809
6.45 -0.301849 0.0101944
6.46 -0.304033 0.0101086
6.47 -0.306161 0.0100235
6.48 -0.308234 0.00993909
6.49 -0.310252 0.00985538
6.5 -0.312213 0.00977235
6.51 -0.314118 0.00969
6.52 -0.315966 0.00960832
6.53 -0.317757 0.00952731
6.54 -0.31949 0.00944695
6.55 -0.321166 0.00936726
6.56 -0.322784 0.00928821
6.57 -0.324344 0.00920981
6.58 -0.325845 0.00913205
6.59 -0.327287 0.00905492
6.6 -0.32867 0.00897843
6.61 -0.329994 0.00890256
6.62 -0.331259 0.00882731
6.63 -0.332464 0.00875268
6.64 -0.333609 0.00867866
6.65 -0.334694 0.00860525
6.66 -0.335719 0.00853243
6.67 -0.336683 0.00846022
6.68 -0.337587 0.0083886
6.69 -0.33843 0.00831756
6.7 -0.339212 0.00824711
6.71 -0.339933 0.00817724
6.72 -0.340593 0.00810794
6.73 -0.341191 0.00803921
6.74 -0.341729 0.00797104
6.75 -0.342205 0.00790344
6.76 -0.342619 0.00783639
6.77 -0.342972 0.00776989
6.78 -0.343264 0.00770394
6.79 -0.343494 0.00763854
6.8 -0.343662 0.00757367
6.81 -0.343769 0.00750934
6.82 -0.343814 0.00744554
6.83 -0.343797 0.00738226
6.84 -0.343718 0.00731951
6.85 -0.343579 0.00725727
6.86 -0.343377 0.00719555
6.87 -0.343114 0.00713434
6.88 -0.34279 0.00707363
6.89 -0.342404 0.00701343
6.9 -0.341957 0.00695372
6.91 -0.341448 0.00689451
6.92 -0.340879 0.00683578
6.93 -0.340248 0.00677755
6.94 -0.339557 0.00671979
6.95 -0.338805 0.00666251
6.96 -0.337993 0.00660571
6.97 -0.33712 0.00654938
6.98 -0.336187 0.00649352
6.99 -0.335194 0.00643812
7 -0.334141 0.00638317
7.01 -0.333028 0.00632869
7.02 -0.331856 0.00627465
7.03 -0.330624 0.00622107
7.04 -0.329334 0.00616793
7.05 -0.327985 0.00611523
7.06 -0.326577 0.00606297
7.07 -0.325111 0.00601115
7.08 -0.323587 0.00595975
7.09 -0.322006 0.00590879
7.1 -0.320367 0.00585824
7.11 -0.318671 0.00580812
7.12 -0.316918 0.00575842
7.13 -0.315109 0.00570913
7.14 -0.313244 0.00566025
7.15 -0.311323 0.00561178
7.16 -0.309347 0.00556371
7.17 -0.307315 0.00551604
7.18 -0.305229 0.00546878
7.19 -0.303089 0.0054219
7.2 -0.300895 0.00537542
7.21 -0.298647 0.00532932
7.22 -0.296346 0.00528361
7.23 -0.293993 0.00523829
7.24 -0.291587 0.00519334
7.25 -0.28913 0.00514876
7.26 -0.286621 0.00510456
7.27 -0.284061 0.00506073
7.28 -0.281451 0.00501727
7.29 -0.278791 0.00497417
7.3 -0.276082 0.00493143
7.31 -0.273323 0.00488905
7.32 -0.270516 0.00484703
7.33 -0.267661 0.00480535
7.34 -0.264759 0.00476403
7.35 -0.26181 0.00472305
7.36 -0.258814 0.00468242
7.37 -0.255773 0.00464213
7.38 -0.252686 0.00460217
7.39 -0.249554 0.00456256
7.4 -0.246379 0.00452327
7.41 -0.243159 0.00448431
7.42 -0.239897 0.00444569
7.43 -0.236592 0.00440738
7.44 -0.233245 0.0043694
7.45 -0.229857 0.00433174
7.46 -0.226429 0.0042944
7.47 -0.22296 0.00425736
7.48 -0.219452 0.00422065
7.49 -0.215906 0.00418424
7.5 -0.212321 0.00414813
7.51 -0.208698 0.00411233
7.52 -0.205039 0.00407684
7.53 -0.201343 0.00404164
7.54 -0.197612 0.00400674
7.55 -0.193846 0.00397213
7.56 -0.190046 0.00393782
7.57 -0.186213 0.00390379
7.58 -0.182346 0.00387005
7.59 -0.178447 0.0038366
7.6 -0.174517 0.00380343
7.61 -0.170556 0.00377054
7.62 -0.166566 0.00373793
7.63 -0.162545 0.00370559
7.64 -0.158496 0.00367353
7.65 -0.154419 0.00364174
7.66 -0.150315 0.00361021
7.67 -0.146185 0.00357896
7.68 -0.142029 0.00354797
7.69 -0.137847 0.00351724
7.7 -0.133642 0.00348677
7.71 -0.129413 0.00345656
7.72 -0.125161 0.0034266
7.73 -0.120887 0.0033969
7.74 -0.116592 0.00336745
7.75 -0.112277 0.00333825
7.76 -0.107941 0.0033093
7.77 -0.103587 0.0032806
7.78 -0.0992144 0.00325213
7.79 -0.0948245 0.00322391
7.8 -0.090418 0.00319593
7.81 -0.0859955 0.00316819
7.82 -0.081558 0.00314068
7.83 -0.0771061 0.00311341
7.84 -0.0726407 0.00308637
7.85 -0.0681626 0.00305955
7.86 -0.0636725 0.00303297
7.87 -0.0591712 0.00300661
7.88 -0.0546596 0.00298048
7.89 -0.0501383 0.00295456
7.9 -0.0456083 0.00292887
7.91 -0.0410703 0.0029034
7.92 -0.036525 0.00287815
7.93 -0.0319734 0.00285311
7.94 -0.0274162 0.00282828
7.95 -0.0228542 0.00280366
7.96 -0.0182881 0.00277926
7.97 -0.0137189 0.00275506
7.98 -0.00914727 0.00273107
7.99 -0.00457404 0.00270728
8 -1.28003e-11 0.0026837


rmax: 10, E=-0.82639


0 0 0
0.01 0.00990006 0.0099005
0.02 0.0196005 0.019604
0.03 0.0291017 0.0291134
0.04 0.038404 0.0384316
0.05 0.047508 0.0475615
0.06 0.0564141 0.0565059
0.07 0.0651229 0.0652676
0.08 0.0736348 0.0738493
0.09 0.0819505 0.0822538
0.1 0.0900705 0.0904837
0.11 0.0979955 0.0985418
0.12 0.105726 0.10643
0.13 0.113263 0.114152
0.14 0.120607 0.12171
0.15 0.127759 0.129106
0.16 0.134719 0.136343
0.17 0.141489 0.143423
0.18 0.148068 0.150349
0.19 0.154459 0.157122
0.2 0.160662 0.163746
0.21 0.166677 0.170223
0.22 0.172507 0.176554
0.23 0.17815 0.182743
0.24 0.18361 0.188791
0.25 0.188886 0.1947
0.26 0.19398 0.200473
0.27 0.198892 0.206112
0.28 0.203625 0.211619
0.29 0.208178 0.216996
0.3 0.212553 0.222245
0.31 0.216752 0.227369
0.32 0.220774 0.232368
0.33 0.224623 0.237245
0.34 0.228298 0.242002
0.35 0.231801 0.246641
0.36 0.235133 0.251163
0.37 0.238296 0.255572
0.38 0.24129 0.259867
0.39 0.244118 0.264052
0.4 0.24678 0.268128
0.41 0.249278 0.272097
0.42 0.251613 0.27596
0.43 0.253787 0.279719
0.44 0.255801 0.283376
0.45 0.257656 0.286933
0.46 0.259354 0.29039
0.47 0.260897 0.293751
0.48 0.262285 0.297016
0.49 0.263521 0.300187
0.5 0.264606 0.303265
0.51 0.265541 0.306253
0.52 0.266328 0.309151
0.53 0.266969 0.311961
0.54 0.267464 0.314684
0.55 0.267817 0.317322
0.56 0.268028 0.319877
0.57 0.268098 0.32235
0.58 0.268031 0.324741
0.59 0.267826 0.327053
0.6 0.267487 0.329287
0.61 0.267014 0.331444
0.62 0.26641 0.333526
0.63 0.265676 0.335533
0.64 0.264813 0.337467
0.65 0.263824 0.33933
0.66 0.26271 0.341122
0.67 0.261473 0.342845
0.68 0.260115 0.3445
0.69 0.258637 0.346087
0.7 0.257042 0.34761
0.71 0.25533 0.349067
0.72 0.253505 0.350462
0.73 0.251567 0.351794
0.74 0.249519 0.353064
0.75 0.247362 0.354275
0.76 0.245098 0.355426
0.77 0.242729 0.35652
0.78 0.240257 0.357557
0.79 0.237684 0.358537
0.8 0.235011 0.359463
0.81 0.232241 0.360335
0.82 0.229375 0.361154
0.83 0.226415 0.361921
0.84 0.223363 0.362637
0.85 0.220221 0.363303
0.86 0.216991 0.363919
0.87 0.213674 0.364488
0.88 0.210273 0.365009
0.89 0.206789 0.365484
0.9 0.203225 0.365913
0.91 0.199582 0.366297
0.92 0.195863 0.366638
0.93 0.192068 0.366935
0.94 0.1882 0.36719
0.95 0.184261 0.367404
0.96 0.180253 0.367577
0.97 0.176177 0.367711
0.98 0.172036 0.367805
0.99 0.167832 0.367861
1 0.163566 0.367879
1.01 0.15924 0.367861
1.02 0.154856 0.367807
1.03 0.150417 0.367717
1.04 0.145923 0.367593
1.05 0.141377 0.367435
1.06 0.136781 0.367243
1.07 0.132136 0.367019
1.08 0.127445 0.366763
1.09 0.122709 0.366476
1.1 0.11793 0.366158
1.11 0.113111 0.36581
1.12 0.108252 0.365433
1.13 0.103356 0.365028
1.14 0.0984247 0.364594
1.15 0.0934599 0.364132
1.16 0.0884634 0.363644
1.17 0.083437 0.363129
1.18 0.0783826 0.362589
1.19 0.0733019 0.362023
1.2 0.0681968 0.361433
1.21 0.0630691 0.360819
1.22 0.0579204 0.360181
1.23 0.0527528 0.35952
1.24 0.0475678 0.358836
1.25 0.0423673 0.358131
1.26 0.037153 0.357404
1.27 0.0319267 0.356656
1.28 0.0266901 0.355888
1.29 0.0214449 0.355099
1.3 0.0161928 0.354291
1.31 0.0109356 0.353464
1.32 0.00567484 0.352619
1.33 0.000412308 0.351755
1.34 -0.00485035 0.350873
1.35 -0.0101115 0.349974
1.36 -0.0153695 0.349059
1.37 -0.0206226 0.348127
1.38 -0.0258694 0.347178
1.39 -0.0311081 0.346215
1.4 -0.0363372 0.345236
1.41 -0.0415551 0.344242
1.42 -0.0467603 0.343234
1.43 -0.0519511 0.342212
1.44 -0.0571261 0.341176
1.45 -0.0622837 0.340127
1.46 -0.0674224 0.339065
1.47 -0.0725408 0.33799
1.48 -0.0776373 0.336904
1.49 -0.0827104 0.335805
1.5 -0.0877588 0.334695
1.51 -0.092781 0.333574
1.52 -0.0977756 0.332442
1.53 -0.102741 0.3313
1.54 -0.107676 0.330147
1.55 -0.11258 0.328984
1.56 -0.11745 0.327812
1.57 -0.122286 0.326631
1.58 -0.127086 0.325441
1.59 -0.131849 0.324242
1.6 -0.136573 0.323034
1.61 -0.141258 0.321819
1.62 -0.145902 0.320596
1.63 -0.150504 0.319365
1.64 -0.155062 0.318127
1.65 -0.159576 0.316882
1.66 -0.164044 0.315631
1.67 -0.168466 0.314373
1.68 -0.172839 0.313108
1.69 -0.177163 0.311838
1.7 -0.181437 0.310562
1.71 -0.18566 0.309281
1.72 -0.18983 0.307994
1.73 -0.193947 0.306702
1.74 -0.198009 0.305405
1.75 -0.202016 0.304104
1.76 -0.205967 0.302799
1.77 -0.20986 0.301489
1.78 -0.213694 0.300176
1.79 -0.217469 0.298859
1.8 -0.221184 0.297538
1.81 -0.224838 0.296214
1.82 -0.22843 0.294887
1.83 -0.231959 0.293557
1.84 -0.235424 0.292224
1.85 -0.238825 0.290889
1.86 -0.24216 0.289551
1.87 -0.24543 0.288211
1.88 -0.248633 0.286869
1.89 -0.251768 0.285526
1.9 -0.254834 0.28418
1.91 -0.257832 0.282834
1.92 -0.260761 0.281485
1.93 -0.263619 0.280136
1.94 -0.266406 0.278786
1.95 -0.269121 0.277434
1.96 -0.271765 0.276083
1.97 -0.274336 0.27473
1.98 -0.276834 0.273377
1.99 -0.279258 0.272024
2 -0.281607 0.270671
2.01 -0.283883 0.269317
2.02 -0.286082 0.267964
2.03 -0.288207 0.266611
2.04 -0.290255 0.265259
2.05 -0.292227 0.263907
2.06 -0.294122 0.262555
2.07 -0.29594 0.261205
2.08 -0.29768 0.259855
2.09 -0.299343 0.258506
2.1 -0.300927 0.257158
2.11 -0.302433 0.255812
2.12 -0.303861 0.254467
2.13 -0.305209 0.253123
2.14 -0.306479 0.251781
2.15 -0.307669 0.250441
2.16 -0.308779 0.249102
2.17 -0.30981 0.247765
2.18 -0.310762 0.246431
2.19 -0.311633 0.245098
2.2 -0.312425 0.243767
2.21 -0.313136 0.242438
2.22 -0.313767 0.241112
2.23 -0.314318 0.239788
2.24 -0.314789 0.238467
2.25 -0.31518 0.237148
2.26 -0.315491 0.235832
2.27 -0.315722 0.234519
2.28 -0.315873 0.233208
2.29 -0.315944 0.2319
2.3 -0.315935 0.230595
2.31 -0.315846 0.229293
2.32 -0.315678 0.227995
2.33 -0.31543 0.226699
2.34 -0.315103 0.225407
2.35 -0.314697 0.224118
2.36 -0.314213 0.222832
2.37 -0.31365 0.221549
2.38 -0.313008 0.22027
2.39 -0.312289 0.218995
2.4 -0.311491 0.217723
2.41 -0.310617 0.216455
2.42 -0.309665 0.21519
2.43 -0.308636 0.21393
2.44 -0.307531 0.212672
2.45 -0.30635 0.211419
2.46 -0.305094 0.21017
2.47 -0.303762 0.208925
2.48 -0.302355 0.207683
2.49 -0.300874 0.206446
2.5 -0.299319 0.205212
2.51 -0.297691 0.203983
2.52 -0.295989 0.202758
2.53 -0.294216 0.201537
2.54 -0.29237 0.200321
2.55 -0.290453 0.199108
2.56 -0.288466 0.1979
2.57 -0.286408 0.196696
2.58 -0.28428 0.195497
2.59 -0.282084 0.194302
2.6 -0.279819 0.193111
2.61 -0.277486 0.191925
2.62 -0.275086 0.190744
2.63 -0.27262 0.189566
2.64 -0.270088 0.188394
2.65 -0.26749 0.187226
2.66 -0.264829 0.186062
2.67 -0.262104 0.184903
2.68 -0.259315 0.183749
2.69 -0.256465 0.1826
2.7 -0.253553 0.181455
2.71 -0.25058 0.180315
2.72 -0.247548 0.179179
2.73 -0.244456 0.178049
2.74 -0.241306 0.176923
2.75 -0.238099 0.175802
2.76 -0.234835 0.174685
2.77 -0.231515 0.173574
2.78 -0.22814 0.172467
2.79 -0.224711 0.171365
2.8 -0.221229 0.170268
2.81 -0.217694 0.169176
2.82 -0.214108 0.168089
2.83 -0.210471 0.167006
2.84 -0.206785 0.165929
2.85 -0.20305 0.164856
2.86 -0.199267 0.163789
2.87 -0.195437 0.162726
2.88 -0.191562 0.161668
2.89 -0.187641 0.160615
2.9 -0.183676 0.159567
2.91 -0.179669 0.158524
2.92 -0.175619 0.157486
2.93 -0.171528 0.156453
2.94 -0.167397 0.155425
2.95 -0.163228 0.154402
2.96 -0.15902 0.153384
2.97 -0.154775 0.152371
2.98 -0.150494 0.151363
2.99 -0.146178 0.150359
3 -0.141828 0.149361
3.01 -0.137445 0.148368
3.02 -0.133031 0.14738
3.03 -0.128585 0.146396
3.04 -0.12411 0.145418
3.05 -0.119606 0.144445
3.06 -0.115075 0.143476
3.07 -0.110517 0.142513
3.08 -0.105934 0.141555
3.09 -0.101326 0.140601
3.1 -0.0966947 0.139653
3.11 -0.0920413 0.138709
3.12 -0.0873669 0.13777
3.13 -0.0826724 0.136837
3.14 -0.0779589 0.135908
3.15 -0.0732276 0.134984
3.16 -0.0684796 0.134065
3.17 -0.0637159 0.133151
3.18 -0.0589376 0.132242
3.19 -0.0541459 0.131338
3.2 -0.0493418 0.130439
3.21 -0.0445266 0.129545
3.22 -0.0397011 0.128655
3.23 -0.0348667 0.127771
3.24 -0.0300243 0.126891
3.25 -0.0251751 0.126016
3.26 -0.0203202 0.125146
3.27 -0.0154607 0.124281
3.28 -0.0105977 0.123421
3.29 -0.0057323 0.122565
3.3 -0.000865603 0.121714
3.31 0.00400129 0.120869
3.32 0.00886727 0.120027
3.33 0.0137313 0.119191
3.34 0.0185922 0.118359
3.35 0.0234489 0.117533
3.36 0.0283003 0.11671
3.37 0.0331454 0.115893
3.38 0.037983 0.11508
3.39 0.0428121 0.114272
3.4 0.0476316 0.113469
3.41 0.0524405 0.11267
3.42 0.0572376 0.111877
3.43 0.0620219 0.111087
3.44 0.0667923 0.110303
3.45 0.0715478 0.109522
3.46 0.0762873 0.108747
3.47 0.0810098 0.107976
3.48 0.0857142 0.10721
3.49 0.0903996 0.106448
3.5 0.0950648 0.105691
3.51 0.0997089 0.104938
3.52 0.104331 0.10419
3.53 0.10893 0.103446
3.54 0.113504 0.102707
3.55 0.118054 0.101972
3.56 0.122577 0.101242
3.57 0.127073 0.100516
3.58 0.131541 0.099795
3.59 0.13598 0.099078
3.6 0.140389 0.0983654
3.61 0.144767 0.0976572
3.62 0.149112 0.0969533
3.63 0.153425 0.0962537
3.64 0.157705 0.0955585
3.65 0.161949 0.0948676
3.66 0.166158 0.094181
3.67 0.17033 0.0934986
3.68 0.174465 0.0928205
3.69 0.178562 0.0921467
3.7 0.182619 0.091477
3.71 0.186636 0.0908116
3.72 0.190613 0.0901504
3.73 0.194547 0.0894933
3.74 0.198439 0.0888403
3.75 0.202288 0.0881915
3.76 0.206093 0.0875469
3.77 0.209852 0.0869063
3.78 0.213566 0.0862698
3.79 0.217233 0.0856373
3.8 0.220852 0.0850089
3.81 0.224424 0.0843846
3.82 0.227946 0.0837642
3.83 0.231419 0.0831478
3.84 0.234842 0.0825354
3.85 0.238214 0.081927
3.86 0.241534 0.0813225
3.87 0.244801 0.0807219
3.88 0.248015 0.0801252
3.89 0.251176 0.0795324
3.9 0.254282 0.0789435
3.91 0.257333 0.0783584
3.92 0.260329 0.0777771
3.93 0.263268 0.0771996
3.94 0.26615 0.076626
3.95 0.268975 0.0760561
3.96 0.271741 0.0754899
3.97 0.274449 0.0749275
3.98 0.277098 0.0743688
3.99 0.279687 0.0738139
4 0.282216 0.0732626
4.01 0.284684 0.0727149
4.02 0.287091 0.0721709
4.03 0.289436 0.0716305
4.04 0.291719 0.0710938
4.05 0.293939 0.0705606
4.06 0.296096 0.070031
4.07 0.29819 0.069505
4.08 0.30022 0.0689825
4.09 0.302185 0.0684635
4.1 0.304086 0.067948
4.11 0.305921 0.067436
4.12 0.307691 0.0669274
4.13 0.309395 0.0664223
4.14 0.311034 0.0659206
4.15 0.312605 0.0654223
4.16 0.31411 0.0649274
4.17 0.315548 0.0644359
4.18 0.316919 0.0639478
4.19 0.318222 0.0634629
4.2 0.319458 0.0629814
4.21 0.320625 0.0625032
4.22 0.321724 0.0620283
4.23 0.322755 0.0615566
4.24 0.323717 0.0610882
4.25 0.32461 0.060623
4.26 0.325435 0.060161
4.27 0.32619 0.0597022
4.28 0.326876 0.0592466
4.29 0.327493 0.0587941
4.3 0.328041 0.0583448
4.31 0.328519 0.0578986
4.32 0.328927 0.0574555
4.33 0.329266 0.0570155
4.34 0.329535 0.0565785
4.35 0.329735 0.0561446
4.36 0.329865 0.0557138
4.37 0.329925 0.0552859
4.38 0.329916 0.0548611
4.39 0.329837 0.0544392
4.4 0.329689 0.0540203
4.41 0.329471 0.0536043
4.42 0.329183 0.0531913
4.43 0.328827 0.0527812
4.44 0.328401 0.052374
4.45 0.327906 0.0519696
4.46 0.327342 0.0515681
4.47 0.32671 0.0511695
4.48 0.326008 0.0507737
4.49 0.325239 0.0503807
4.5 0.324401 0.0499905
4.51 0.323495 0.0496031
4.52 0.322521 0.0492184
4.53 0.32148 0.0488365
4.54 0.320371 0.0484573
4.55 0.319196 0.0480808
4.56 0.317953 0.047707
4.57 0.316644 0.0473359
4.58 0.315269 0.0469674
4.59 0.313828 0.0466016
4.6 0.312321 0.0462384
4.61 0.31075 0.0458779
4.62 0.309113 0.0455199
4.63 0.307412 0.0451645
4.64 0.305647 0.0448117
4.65 0.303818 0.0444614
4.66 0.301926 0.0441137
4.67 0.299971 0.0437685
4.68 0.297953 0.0434258
4.69 0.295874 0.0430856
4.7 0.293733 0.0427478
4.71 0.291531 0.0424125
4.72 0.289268 0.0420796
4.73 0.286946 0.0417492
4.74 0.284564 0.0414212
4.75 0.282122 0.0410956
4.76 0.279623 0.0407723
4.77 0.277065 0.0404514
4.78 0.27445 0.0401329
4.79 0.271778 0.0398167
4.8 0.26905 0.0395028
4.81 0.266266 0.0391912
4.82 0.263427 0.0388819
4.83 0.260534 0.0385749
4.84 0.257586 0.0382701
4.85 0.254586 0.0379676
4.86 0.251533 0.0376674
4.87 0.248428 0.0373693
4.88 0.245272 0.0370734
4.89 0.242065 0.0367798
4.9 0.238808 0.0364883
4.91 0.235502 0.0361989
4.92 0.232148 0.0359117
4.93 0.228745 0.0356267
4.94 0.225296 0.0353437
4.95 0.2218 0.0350629
4.96 0.218259 0.0347841
4.97 0.214673 0.0345074
4.98 0.211043 0.0342328
4.99 0.207369 0.0339603
5 0.203653 0.0336897
5.01 0.199895 0.0334212
5.02 0.196096 0.0331547
5.03 0.192256 0.0328902
5.04 0.188377 0.0326277
5.05 0.18446 0.0323671
5.06 0.180505 0.0321085
5.07 0.176513 0.0318519
5.08 0.172485 0.0315971
5.09 0.168421 0.0313443
5.1 0.164323 0.0310934
5.11 0.160192 0.0308444
5.12 0.156027 0.0305972
5.13 0.151831 0.030352
5.14 0.147604 0.0301085
5.15 0.143346 0.0298669
5.16 0.13906 0.0296272
5.17 0.134745 0.0293892
5.18 0.130402 0.0291531
5.19 0.126033 0.0289187
5.2 0.121639 0.0286861
5.21 0.117219 0.0284553
5.22 0.112776 0.0282263
5.23 0.108309 0.0279989
5.24 0.103821 0.0277733
5.25 0.0993112 0.0275495
5.26 0.0947815 0.0273273
5.27 0.0902325 0.0271068
5.28 0.0856652 0.026888
5.29 0.0810804 0.0266709
5.3 0.0764792 0.0264554
5.31 0.0718625 0.0262416
5.32 0.0672311 0.0260294
5.33 0.0625862 0.0258189
5.34 0.0579285 0.0256099
5.35 0.0532591 0.0254026
5.36 0.048579 0.0251969
5.37 0.0438889 0.0249927
5.38 0.03919 0.0247901
5.39 0.0344832 0.024589
5.4 0.0297694 0.0243895
5.41 0.0250495 0.0241916
5.42 0.0203246 0.0239951
5.43 0.0155955 0.0238002
5.44 0.0108634 0.0236068
5.45 0.00612898 0.0234149
5.46 0.00139337 0.0232244
5.47 -0.00334253 0.0230354
5.48 -0.00807775 0.0228479
5.49 -0.0128113 0.0226619
5.5 -0.0175424 0.0224772
5.51 -0.0222698 0.0222941
5.52 -0.0269928 0.0221123
5.53 -0.0317104 0.0219319
5.54 -0.0364215 0.021753
5.55 -0.0411253 0.0215754
5.56 -0.0458209 0.0213992
5.57 -0.0505072 0.0212244
5.58 -0.0551834 0.0210509
5.59 -0.0598484 0.0208788
5.6 -0.0645015 0.020708
5.61 -0.0691415 0.0205386
5.62 -0.0737677 0.0203705
5.63 -0.0783791 0.0202037
5.64 -0.0829747 0.0200382
5.65 -0.0875536 0.019874
5.66 -0.092115 0.019711
5.67 -0.096658 0.0195494
5.68 -0.101181 0.019389
5.69 -0.105685 0.0192299
5.7 -0.110167 0.019072
5.71 -0.114627 0.0189154
5.72 -0.119064 0.0187599
5.73 -0.123477 0.0186058
5.74 -0.127865 0.0184528
5.75 -0.132228 0.018301
5.76 -0.136565 0.0181504
5.77 -0.140874 0.018001
5.78 -0.145155 0.0178528
5.79 -0.149407 0.0177057
5.8 -0.153629 0.0175598
5.81 -0.15782 0.0174151
5.82 -0.16198 0.0172715
5.83 -0.166108 0.017129
5.84 -0.170202 0.0169876
5.85 -0.174263 0.0168474
5.86 -0.178288 0.0167083
5.87 -0.182278 0.0165703
5.88 -0.186232 0.0164333
5.89 -0.190149 0.0162975
5.9 -0.194028 0.0161627
5.91 -0.197868 0.016029
5.92 -0.201669 0.0158964
5.93 -0.205429 0.0157648
5.94 -0.209149 0.0156343
5.95 -0.212827 0.0155048
5.96 -0.216463 0.0153763
5.97 -0.220056 0.0152488
5.98 -0.223605 0.0151224
5.99 -0.227109 0.0149969
6 -0.230569 0.0148725
6.01 -0.233982 0.0147491
6.02 -0.237349 0.0146266
6.03 -0.24067 0.0145051
6.04 -0.243942 0.0143846
6.05 -0.247166 0.0142651
6.06 -0.250341 0.0141465
6.07 -0.253466 0.0140288
6.08 -0.256541 0.0139121
6.09 -0.259565 0.0137963
6.1 -0.262538 0.0136815
6.11 -0.265459 0.0135676
6.12 -0.268327 0.0134546
6.13 -0.271142 0.0133424
6.14 -0.273904 0.0132312
6.15 -0.276611 0.0131209
6.16 -0.279263 0.0130115
6.17 -0.281861 0.0129029
6.18 -0.284402 0.0127952
6.19 -0.286888 0.0126884
6.2 -0.289316 0.0125825
6.21 -0.291688 0.0124774
6.22 -0.294002 0.0123731
6.23 -0.296258 0.0122697
6.24 -0.298455 0.0121671
6.25 -0.300594 0.0120653
6.26 -0.302673 0.0119644
6.27 -0.304692 0.0118643
6.28 -0.306652 0.011765
6.29 -0.308551 0.0116664
6.3 -0.310389 0.0115687
6.31 -0.312166 0.0114718
6.32 -0.313882 0.0113756
6.33 -0.315536 0.0112803
6.34 -0.317127 0.0111857
6.35 -0.318656 0.0110918
6.36 -0.320123 0.0109988
6.37 -0.321527 0.0109065
6.38 -0.322867 0.0108149
6.39 -0.324144 0.0107241
6.4 -0.325357 0.010634
6.41 -0.326506 0.0105446
6.42 -0.327591 0.010456
6.43 -0.328612 0.0103681
6.44 -0.329568 0.0102809
6.45 -0.330459 0.0101944
6.46 -0.331286 0.0101086
6.47 -0.332047 0.0100235
6.48 -0.332744 0.00993909
6.49 -0.333375 0.00985538
6.5 -0.333941 0.00977235
6.51 -0.334441 0.00969
6.52 -0.334876 0.00960832
6.53 -0.335245 0.00952731
6.54 -0.335548 0.00944695
6.55 -0.335786 0.00936726
6.56 -0.335958 0.00928821
6.57 -0.336064 0.00920981
6.58 -0.336105 0.00913205
6.59 -0.33608 0.00905492
6.6 -0.335989 0.00897843
6.61 -0.335832 0.00890256
6.62 -0.335609 0.00882731
6.63 -0.335321 0.00875268
6.64 -0.334968 0.00867866
6.65 -0.334549 0.00860525
6.66 -0.334064 0.00853243
6.67 -0.333515 0.00846022
6.68 -0.3329 0.0083886
6.69 -0.33222 0.00831756
6.7 -0.331476 0.00824711
6.71 -0.330667 0.00817724
6.72 -0.329793 0.00810794
6.73 -0.328855 0.00803921
6.74 -0.327853 0.00797104
6.75 -0.326786 0.00790344
6.76 -0.325657 0.00783639
6.77 -0.324463 0.00776989
6.78 -0.323207 0.00770394
6.79 -0.321888 0.00763854
6.8 -0.320505 0.00757367
6.81 -0.319061 0.00750934
6.82 -0.317554 0.00744554
6.83 -0.315986 0.00738226
6.84 -0.314356 0.00731951
6.85 -0.312665 0.00725727
6.86 -0.310913 0.00719555
6.87 -0.309101 0.00713434
6.88 -0.307229 0.00707363
6.89 -0.305296 0.00701343
6.9 -0.303305 0.00695372
6.91 -0.301255 0.00689451
6.92 -0.299146 0.00683578
6.93 -0.296979 0.00677755
6.94 -0.294754 0.00671979
6.95 -0.292473 0.00666251
6.96 -0.290134 0.00660571
6.97 -0.287739 0.00654938
6.98 -0.285289 0.00649352
6.99 -0.282783 0.00643812
7 -0.280222 0.00638317
7.01 -0.277607 0.00632869
7.02 -0.274938 0.00627465
7.03 -0.272216 0.00622107
7.04 -0.269441 0.00616793
7.05 -0.266614 0.00611523
7.06 -0.263735 0.00606297
7.07 -0.260805 0.00601115
7.08 -0.257825 0.00595975
7.09 -0.254795 0.00590879
7.1 -0.251715 0.00585824
7.11 -0.248587 0.00580812
7.12 -0.245411 0.00575842
7.13 -0.242187 0.00570913
7.14 -0.238917 0.00566025
7.15 -0.2356 0.00561178
7.16 -0.232238 0.00556371
7.17 -0.228831 0.00551604
7.18 -0.225379 0.00546878
7.19 -0.221885 0.0054219
7.2 -0.218347 0.00537542
7.21 -0.214767 0.00532932
7.22 -0.211146 0.00528361
7.23 -0.207484 0.00523829
7.24 -0.203782 0.00519334
7.25 -0.20004 0.00514876
7.26 -0.196261 0.00510456
7.27 -0.192443 0.00506073
7.28 -0.188588 0.00501727
7.29 -0.184697 0.00497417
7.3 -0.18077 0.00493143
7.31 -0.176808 0.00488905
7.32 -0.172812 0.00484703
7.33 -0.168783 0.00480535
7.34 -0.164722 0.00476403
7.35 -0.160629 0.00472305
7.36 -0.156505 0.00468242
7.37 -0.15235 0.00464213
7.38 -0.148167 0.00460217
7.39 -0.143955 0.00456256
7.4 -0.139715 0.00452327
7.41 -0.135448 0.00448431
7.42 -0.131156 0.00444569
7.43 -0.126838 0.00440738
7.44 -0.122496 0.0043694
7.45 -0.11813 0.00433174
7.46 -0.113741 0.0042944
7.47 -0.109331 0.00425736
7.48 -0.1049 0.00422065
7.49 -0.100448 0.00418424
7.5 -0.0959773 0.00414813
7.51 -0.0914881 0.00411233
7.52 -0.0869814 0.00407684
7.53 -0.082458 0.00404164
7.54 -0.0779187 0.00400674
7.55 -0.0733645 0.00397213
7.56 -0.0687963 0.00393782
7.57 -0.0642148 0.00390379
7.58 -0.0596211 0.00387005
7.59 -0.0550159 0.0038366
7.6 -0.0504001 0.00380343
7.61 -0.0457748 0.00377054
7.62 -0.0411406 0.00373793
7.63 -0.0364986 0.00370559
7.64 -0.0318495 0.00367353
7.65 -0.0271944 0.00364174
7.66 -0.0225341 0.00361021
7.67 -0.0178694 0.00357896
7.68 -0.0132014 0.00354797
7.69 -0.00853077 0.00351724
7.7 -0.00385855 0.00348677
7.71 0.000814408 0.00345656
7.72 0.00548721 0.0034266
7.73 0.010159 0.0033969
7.74 0.0148288 0.00336745
7.75 0.0194958 0.00333825
7.76 0.024159 0.0033093
7.77 0.0288176 0.0032806
7.78 0.0334708 0.00325213
7.79 0.0381175 0.00322391
7.8 0.042757 0.00319593
7.81 0.0473883 0.00316819
7.82 0.0520105 0.00314068
7.83 0.0566229 0.00311341
7.84 0.0612244 0.00308637
7.85 0.0658142 0.00305955
7.86 0.0703915 0.00303297
7.87 0.0749554 0.00300661
7.88 0.079505 0.00298048
7.89 0.0840394 0.00295456
7.9 0.0885578 0.00292887
7.91 0.0930593 0.0029034
7.92 0.0975431 0.00287815
7.93 0.102008 0.00285311
7.94 0.106454 0.00282828
7.95 0.11088 0.00280366
7.96 0.115284 0.00277926
7.97 0.119666 0.00275506
7.98 0.124026 0.00273107
7.99 0.128362 0.00270728
8 0.132674 0.0026837
8.01 0.13696 0.00266032
8.02 0.14122 0.00263714
8.03 0.145454 0.00261415
8.04 0.14966 0.00259136
8.05 0.153837 0.00256877
8.06 0.157985 0.00254637
8.07 0.162103 0.00252416
8.08 0.16619 0.00250214
8.09 0.170246 0.00248031
8.1 0.174269 0.00245867
8.11 0.178259 0.00243721
8.12 0.182216 0.00241593
8.13 0.186138 0.00239484
8.14 0.190024 0.00237393
8.15 0.193874 0.00235319
8.16 0.197688 0.00233264
8.17 0.201464 0.00231226
8.18 0.205202 0.00229205
8.19 0.2089 0.00227202
8.2 0.21256 0.00225216
8.21 0.216179 0.00223247
8.22 0.219757 0.00221295
8.23 0.223293 0.00219359
8.24 0.226787 0.00217441
8.25 0.230238 0.00215538
8.26 0.233645 0.00213652
8.27 0.237008 0.00211783
8.28 0.240326 0.00209929
8.29 0.243599 0.00208091
8.3 0.246825 0.00206269
8.31 0.250005 0.00204463
8.32 0.253137 0.00202672
8.33 0.256222 0.00200896
8.34 0.259258 0.00199136
8.35 0.262245 0.00197391
8.36 0.265182 0.00195661
8.37 0.268069 0.00193946
8.38 0.270905 0.00192246
8.39 0.273691 0.0019056
8.4 0.276424 0.00188889
8.41 0.279105 0.00187232
8.42 0.281733 0.00185589
8.43 0.284309 0.00183961
8.44 0.28683 0.00182346
8.45 0.289297 0.00180746
8.46 0.29171 0.00179159
8.47 0.294067 0.00177586
8.48 0.296369 0.00176027
8.49 0.298615 0.00174481
8.5 0.300804 0.00172948
8.51 0.302937 0.00171429
8.52 0.305012 0.00169922
8.53 0.30703 0.00168429
8.54 0.30899 0.00166949
8.55 0.310892 0.00165481
8.56 0.312735 0.00164026
8.57 0.314519 0.00162584
8.58 0.316244 0.00161154
8.59 0.317909 0.00159736
8.6 0.319514 0.00158331
8.61 0.321059 0.00156938
8.62 0.322543 0.00155557
8.63 0.323967 0.00154188
8.64 0.32533 0.0015283
8.65 0.326631 0.00151485
8.66 0.32787 0.00150151
8.67 0.329048 0.00148828
8.68 0.330164 0.00147518
8.69 0.331218 0.00146218
8.7 0.33221 0.0014493
8.71 0.333138 0.00143653
8.72 0.334005 0.00142386
8.73 0.334808 0.00141131
8.74 0.335548 0.00139887
8.75 0.336225 0.00138654
8.76 0.336839 0.00137431
8.77 0.33739 0.00136219
8.78 0.337877 0.00135017
8.79 0.338301 0.00133826
8.8 0.338661 0.00132645
8.81 0.338957 0.00131474
8.82 0.339189 0.00130314
8.83 0.339358 0.00129164
8.84 0.339463 0.00128023
8.85 0.339505 0.00126893
8.86 0.339482 0.00125772
8.87 0.339396 0.00124661
8.88 0.339246 0.0012356
8.89 0.339032 0.00122468
8.9 0.338754 0.00121386
8.91 0.338413 0.00120313
8.92 0.338009 0.0011925
8.93 0.337541 0.00118196
8.94 0.33701 0.00117151
8.95 0.336415 0.00116115
8.96 0.335757 0.00115088
8.97 0.335037 0.0011407
8.98 0.334253 0.00113061
8.99 0.333407 0.0011206
9 0.332498 0.00111069
9.01 0.331527 0.00110086
9.02 0.330494 0.00109111
9.03 0.329399 0.00108146
9.04 0.328242 0.00107188
9.05 0.327023 0.00106239
9.06 0.325744 0.00105298
9.07 0.324403 0.00104365
9.08 0.323001 0.00103441
9.09 0.321539 0.00102524
9.1 0.320017 0.00101616
9.11 0.318435 0.00100715
9.12 0.316793 0.000998227
9.13 0.315092 0.000989378
9.14 0.313332 0.000980606
9.15 0.311514 0.000971911
9.16 0.309637 0.000963292
9.17 0.307702 0.000954748
9.18 0.305709 0.000946279
9.19 0.30366 0.000937884
9.2 0.301553 0.000929562
9.21 0.29939 0.000921314
9.22 0.297171 0.000913137
9.23 0.294897 0.000905031
9.24 0.292567 0.000896997
9.25 0.290183 0.000889033
9.26 0.287745 0.000881138
9.27 0.285253 0.000873313
9.28 0.282707 0.000865556
9.29 0.280109 0.000857867
9.3 0.277458 0.000850245
9.31 0.274756 0.00084269
9.32 0.272002 0.000835202
9.33 0.269197 0.000827778
9.34 0.266342 0.00082042
9.35 0.263438 0.000813127
9.36 0.260484 0.000805897
9.37 0.257482 0.000798731
9.38 0.254431 0.000791627
9.39 0.251333 0.000784586
9.4 0.248188 0.000777606
9.41 0.244997 0.000770688
9.42 0.241761 0.00076383
9.43 0.238479 0.000757033
9.44 0.235152 0.000750295
9.45 0.231782 0.000743616
9.46 0.228369 0.000736996
9.47 0.224913 0.000730434
9.48 0.221415 0.00072393
9.49 0.217876 0.000717483
9.5 0.214296 0.000711092
9.51 0.210676 0.000704758
9.52 0.207017 0.000698479
9.53 0.20332 0.000692256
9.54 0.199584 0.000686087
9.55 0.195812 0.000679972
9.56 0.192003 0.000673911
9.57 0.188158 0.000667904
9.58 0.184278 0.000661949
9.59 0.180364 0.000656046
9.6 0.176416 0.000650196
9.61 0.172436 0.000644397
9.62 0.168423 0.000638649
9.63 0.164379 0.000632951
9.64 0.160305 0.000627304
9.65 0.1562 0.000621707
9.66 0.152067 0.000616158
9.67 0.147905 0.000610659
9.68 0.143716 0.000605208
9.69 0.1395 0.000599805
9.7 0.135258 0.00059445
9.71 0.130991 0.000589142
9.72 0.1267 0.00058388
9.73 0.122385 0.000578665
9.74 0.118048 0.000573496
9.75 0.113688 0.000568373
9.76 0.109307 0.000563295
9.77 0.104906 0.000558261
9.78 0.100486 0.000553272
9.79 0.0960468 0.000548327
9.8 0.0915899 0.000543426
9.81 0.0871159 0.000538567
9.82 0.0826257 0.000533752
9.83 0.0781203 0.000528979
9.84 0.0736003 0.000524249
9.85 0.0690666 0.00051956
9.86 0.0645202 0.000514912
9.87 0.0599617 0.000510306
9.88 0.0553922 0.00050574
9.89 0.0508123 0.000501215
9.9 0.046223 0.000496729
9.91 0.0416252 0.000492284
9.92 0.0370196 0.000487877
9.93 0.0324072 0.00048351
9.94 0.0277888 0.000479181
9.95 0.0231652 0.00047489
9.96 0.0185373 0.000470637
9.97 0.013906 0.000466422
9.98 0.00927208 0.000462244
9.99 0.00463647 0.000458104
10 7.74985e-11 0.000453999
